0
0
0.996000035177282
0.9949611611609845
0.9935167922886239
0.9929809746901972
0.9924247635283804
0.991853516754582
0.9912836275352133
0.990710315549713
0.9901395942235341
0.9895747022460779
0.9890227734477472
0.9884836885918045
0.9879598718765742
0.9874545066830376
0.9869647412699516
0.9864934607025186
0.9860379889039882
0.9856042977591248
0.9851900345517385
0.9847928968928985
0.9844147869797575
0.9840533940387668
0.9837068601694284
0.9833810738812266
0.9830700764482843
0.9827723568532698
0.9824865471699111
0.9821982786252795
0.9819229077002953
0.9816586926414648
0.9814086397831239
0.98117103984888
0.9809457841128458
0.9807312793404706
0.9805227394028848
0.9803275263640746
0.980140987037895
0.9799625507460423
0.9797907083748145
0.979628931557294
0.9794707459464154
0.9793247090632667
0.9791804241841344
0.9790444966135304
0.9789136608395336
0.9787905123462718
0.978670715257217
