0.9758597328496358
0.9758597328496358
0.9757720228638619
0.9756408481333193
0.9755157799702112
0.9754753863096787
0.9754314995657011
0.9753917423681128
0.9753484478889665
0.9753092613263326
0.975266358960694
0.9752256938831642
0.9751850915564326
0.9751448474288555
0.9751026855920455
0.9750607664608095
0.9750208526431099
0.9749811921564908
0.9749396939015557
0.9748983621557565
0.974857205980007
0.9748142643946679
0.97477339122934
0.9747326264152512
0.9746902070834521
0.9746497808233896
0.9746095766242595
0.9745675690880656
0.9745258010641253
0.9744841928014749
0.974442146835685
0.9743977892030643
0.9743555251149726
0.9743134441782839
0.9742696470686094
0.9742279502133929
0.9741826439642133
0.9741413537564994
0.9740964768741764
0.9740537223375741
0.9740092960053466
0.973966986079425
0.9739230288681825
0.9738793147019135
0.9738339696480248
0.9737888846510119
0.973745935634714
0.973701381755949
0.9736552396524675
