0
0
0.9966590498432805
0.997719590039374
0.9994220083771996
0.9987152205037545
0.9979678806393166
0.9972051762926504
0.9964365019477232
0.9956706018688792
0.9949041114977103
0.9941534862966895
0.9934165409494109
0.9926928678807994
0.9919895252632114
0.9913126384196984
0.9906554640841346
0.9900233584189693
0.9894131547891546
0.98882996638328
0.9882745299522377
0.987740201019064
0.9872277090043593
0.9867419576731193
0.9862801457280304
0.9858399920762073
0.9854190342066975
0.9850188088933951
0.9846369564075499
0.9842751054390018
0.9839316192109315
0.9836050393889275
0.9832933324631385
0.9829991885412815
0.9827167011817961
0.9824375393102049
0.9821559149704646
0.9818900094303669
0.9816358145435888
0.9813925654242155
0.9811615944159136
0.9809411556966702
0.9807286497032752
0.9805274975268766
0.980333120759511
0.980149029725223
0.9799736224942507
0.9798046764116061
0.9796418440048549
