0.996474441879522
0.996474441879522
0.9964969431723972
0.996661257696178
0.996904381609166
0.9969941222380181
0.9970862359487905
0.9971854709208939
0.9972830888361117
0.9973847242568568
0.9974860077235829
0.9975799693631443
0.9976787460512253
0.9977712922962726
0.9978634356744337
0.9979506309390539
0.9980377627312346
0.9981170401514998
0.9981969342347018
0.998269887680325
0.9983403979283013
0.9984087395373091
0.9984751452934009
0.998532927134612
0.9985930575726253
0.9986459006225484
0.9986975088567163
0.998749531637
0.9987942989413074
0.9988394267442763
0.9988784640706077
0.9989182661628263
0.9989557071876578
0.9989909720348692
0.9990233798011348
0.9990547424521363
0.9990843800463649
0.9991114793601293
0.9991349516491366
0.9991600993775901
0.9991829338049378
0.9992025684365476
0.999224053743875
0.999241540494411
0.9992598656803333
0.9992754347884626
0.9992901468667856
0.9993040499739847
0.9993183644571412
