0.975863418833002
0.975863418833002
0.9757860405158394
0.9756705526208272
0.9755611631647402
0.9755267439065647
0.9754906517609172
0.9754547401205926
0.9754210667674368
0.9753875679971327
0.9753523767283938
0.9753193927977176
0.9752845668409136
0.9752518121441242
0.9752172528466213
0.9751847829454123
0.9751505349885857
0.9751183864540759
0.975086247027547
0.9750523700926179
0.9750186391927378
0.9749849651593891
0.9749514569755624
0.9749199841068918
0.9748867309729917
0.9748535742757659
0.9748206089103318
0.9747858148502172
0.9747530811466169
0.9747224019061005
0.9746880720145662
0.974655726645665
0.9746216816209281
0.9745897022653948
0.9745556337909603
0.9745210067789456
0.9744865441837052
0.9744522500223272
0.9744200227881058
0.9743860732085535
0.9743504169059781
0.9743168349686858
0.9742834405134508
0.9742464934112127
0.9742134928851484
0.9741788244844832
0.9741443669899091
0.9741101244330092
0.974076100930065
